%% Geri_Points.m
% This file contains the points recorded using the CAD model

%% Planform points
Planpt = [-13.03, -7.63
            -15.78, -14.63
            -33.15, -57.63
            -37.14, -60.13
            -45.84, -60.13
            -44.93, -57.63
            -44.42, -56.35
            -38.85, -42.56
            -33.27, -28.76
            -27.70, -14.97
            -27.56, -14.63
            -27.86, -14.20
            -32.73, -2.75
            -33.55, 0
            -29.03, -1.16
            -24.16, -12.61
            -25.14, -16.01
            -30.71, -29.80
            -36.28, -43.59
            -41.86, -57.38];